8.052327630000000180e-01 1.183953519999999981e+00 2.782099720000000165e+00 7.553589340000000263e+00 1.682778840000000109e+00
6.255403999999999964e-01 -8.624171999999999949e-01 1.306689619999999996e+00 2.085426139999999862e+01 1.536935090000000059e+00
4.328172000000000130e-01 -1.882096650000000038e+00 4.340739849999999955e-01 2.152130999999999972e+01 1.052676680000000031e+00
4.105497000000000174e-01 3.705330000000000013e-01 3.053091000000000221e+00 1.386555290000000085e+01 1.081243280000000029e+00
2.491491439999999891e-01 8.022105689999999845e-01 3.984741450000000018e+00 1.350451179999999951e+01 1.424380999999999897e+00
1.882406319999999911e-01 -1.459827420000000098e+00 2.713286160000000002e+00 9.603514000000000550e+00 1.260780570000000100e+00
6.216829419999999606e-01 -1.408648489999999968e-02 1.356213810000000075e+00 1.742585000000000051e+01 1.808877230000000003e+00
9.728113999999999928e-01 1.967454910000000057e+00 9.591941999999999968e-01 1.511514760000000024e+01 1.872959849999999982e+00
6.354731000000000130e-01 3.465151790000000065e-01 5.503694999999999560e-01 1.901972770000000068e+01 1.978945369999999926e+00
5.478136999999999590e-01 -1.654916520000000002e+00 2.154834750000000021e+00 6.282069680000000211e+00 1.162504999999999900e+00
8.804139000000000756e-03 -5.877035999999999927e-01 2.171109439999999946e+00 1.005043790000000037e+01 1.348305000000000087e+00
2.696403560000000255e-01 1.147289000000000003e+00 3.934185499999999780e-01 1.843645100000000170e+01 1.703630919999999938e+00
3.252846300000000190e-01 1.730453999999999937e+00 1.721842410000000045e+00 2.492426999999999992e+01 1.222450610000000104e+00
1.100830510000000012e-01 -5.799519999999999675e-02 1.873925999999999981e+00 2.253261570000000091e+01 1.883544450000000037e+00
9.518353000000000508e-01 -1.454002379999999928e+00 3.124549870000000062e+00 6.001370999999999789e+00 1.606508849999999988e+00
8.323481999999999825e-01 5.498792999999999598e-01 3.612026999999999877e+00 1.218734169999999928e+01 1.498400809999999916e+00
8.766783479999999962e-01 7.008986470000000413e-01 1.992548699999999950e+00 1.130478480000000019e+01 1.103510379999999902e+00
8.879435660000000174e-01 -1.789525390000000105e+00 2.378744359999999780e+00 5.897157670000000351e+00 1.779050349999999892e+00
2.520045000000000202e-01 -4.908542630000000129e-01 3.348625000000000185e+00 1.776522449999999864e+01 1.725723740000000062e+00
1.656936709999999868e-01 1.281287429999999894e+00 1.401548529999999959e-01 1.882273479999999921e+01 1.354844090000000056e+00
6.845811000000000257e-02 1.316958000000000073e+00 7.899173499999999626e-01 7.248396999999999757e+00 1.844009639999999894e+00
4.502510430000000174e-01 -3.883978000000000153e-01 1.597407940000000082e+00 2.464606669999999866e+01 1.050198549999999953e+00
6.930060999999999582e-01 -1.624551770000000062e+00 2.426037790000000083e+00 2.367709350000000157e+01 1.483027220000000090e+00
7.284091999999999789e-01 8.806483999999999979e-01 3.859313000000000216e+00 1.007251740000000062e+01 1.567886829999999954e+00
5.502944589999999581e-01 1.768748519999999935e+00 3.729568480000000186e+00 2.026848999999999990e+01 1.305314419999999975e+00
8.097940679999999780e-01 -6.931410000000000071e-01 1.038407440000000070e+00 2.140560719999999861e+01 1.404336999999999946e+00
1.720996800000000049e-01 -1.039218189999999931e+00 1.116910340000000001e+00 8.806566000000000116e+00 1.928218479999999957e+00
2.520805220000000083e-02 2.008905410000000058e-01 3.292011500000000090e+00 1.331313899999999961e+01 1.977453829999999968e+00
4.884586329999999754e-01 1.504905219999999877e-01 2.558268309999999879e+00 1.618035130000000166e+01 1.547969460000000019e+00
3.725171999999999928e-01 -1.093779559999999984e+00 2.944577220000000217e+00 7.655659680000000300e+00 1.672679309999999919e+00
8.667793000000000303e-01 -9.072272999999999588e-01 1.631238000000000132e-01 1.475016120000000086e+01 1.187272429999999934e+00
5.875231619999999877e-01 1.602017400000000036e+00 6.986634999999999929e-01 1.706407169999999951e+01 1.193550000000000111e+00
8.287855389999999600e-01 2.398800850000000137e-02 3.426931380000000082e+00 2.394126320000000163e+01 1.764134169999999946e+00
4.034744579999999942e-02 4.579698999999999853e-01 2.783327819999999786e+00 1.954858000000000118e+01 1.748122689999999979e+00
4.561449590000000165e-01 -7.847074000000000549e-01 1.790581350000000072e+00 5.128223000000000198e+00 1.375623999999999958e+00
7.634062000000000348e-01 -9.653570649999999587e-01 5.453563000000000160e-01 5.131017680000000247e+00 1.133730890000000047e+00
1.474731420000000015e-01 1.892306089999999941e+00 2.349196669999999987e+00 1.984579469999999901e+01 1.007581709999999964e+00
6.026586000000000443e-01 1.860562999999999967e+00 1.189742209999999911e+00 1.079933070000000050e+01 1.453902239999999901e+00
5.202396510000000251e-01 -1.166636229999999941e+00 9.933492999999999906e-01 1.107914730000000070e+01 1.633885379999999943e+00
3.261330430000000113e-01 -1.368438480000000013e+00 3.451273440000000026e+00 2.388141999999999854e+01 1.912264350000000057e+00
7.212933000000000261e-01 1.443461890000000025e+00 1.162505389999999972e+00 1.263152000000000008e+01 1.592909810000000093e+00
1.495797189999999999e-01 1.055945869999999953e+00 1.631475089999999906e+00 1.255825229999999948e+01 1.122703669999999931e+00
9.484942000000000373e-02 -1.747074129999999892e+00 3.557390450000000204e+00 1.644299129999999920e+01 1.205053209999999986e+00
9.353099999999999747e-01 -1.548070550000000045e+00 3.885681869999999982e+00 2.212264250000000132e+01 1.511006000000000071e+00
2.863337699999999875e-01 5.773396490000000103e-01 1.160636840000000003e-01 8.582451000000000718e+00 1.334569810000000079e+00
7.122988999999999571e-01 6.528649330000000361e-01 2.350380420000000026e+00 1.630770300000000006e+01 1.831536650000000099e+00
9.126518000000000130e-01 -3.634338380000000090e-01 2.728981999999999797e+00 2.234754179999999835e+01 1.961196179999999956e+00
4.976135489999999884e-01 -1.454776530000000123e-01 1.041080949999999977e-01 8.371753999999999252e+00 1.286733509999999914e+00
9.781045999999999907e-01 1.602990630000000083e+00 3.571068640000000238e-01 1.519001770000000029e+01 1.465506790000000059e+00
2.857529819999999887e-01 1.390208719999999953e+00 1.902320739999999955e+00 1.466193389999999930e+01 1.943843130000000086e+00
3.536939619999999729e-01 -1.330491899999999950e+00 2.985405679999999951e+00 1.388434310000000060e+01 1.830533739999999909e+00
5.004536000000000540e-01 -1.882699370000000094e+00 3.648104190000000191e+00 2.001758579999999910e+01 1.422477479999999961e+00
4.514368249999999722e-02 4.691109660000000181e-01 1.434646000000000088e+00 2.110188869999999994e+01 1.708097460000000067e+00
8.484645490000000123e-01 7.913345999999999991e-01 2.120676280000000080e+00 1.591302869999999992e+01 1.227197890000000013e+00
6.694360379999999555e-01 -7.141285000000000549e-01 3.782899860000000114e+00 9.827949000000000268e+00 1.089652059999999922e+00
6.271899000000000224e-02 -2.833372350000000206e-01 3.669581410000000155e-01 8.767801000000000400e+00 1.654562709999999992e+00
5.894913999999999987e-01 9.296753410000000439e-01 2.123930999999999791e+00 6.382723330000000139e+00 1.138638379999999950e+00
3.954156640000000000e-01 9.587550000000000239e-02 2.561981680000000150e+00 1.759096339999999969e+01 1.318157999999999941e+00
2.110333889999999879e-01 -1.375993490000000097e-01 7.209647999999999612e-01 2.268691249999999826e+01 1.503103260000000052e+00
6.719259619999999877e-01 -6.038729999999999931e-01 7.999627590000000232e-01 7.089704000000000228e+00 1.799957749999999912e+00
4.023960830000000155e-01 1.061356310000000081e+00 3.170262999999999831e+00 1.232632539999999999e+01 1.879202129999999915e+00
9.576734300000000477e-01 1.695237399999999894e+00 1.467847230000000058e+00 1.134090999999999916e+01 1.604566099999999995e+00
7.809723619999999755e-01 -1.755669359999999957e+00 1.549782510000000002e+00 1.859877200000000030e+01 1.260342480000000043e+00
2.346299000000000023e-01 -1.202746630000000039e+00 3.206306699999999843e+00 2.333877370000000084e+01 1.029236910000000060e+00
7.513777000000000372e-01 8.129357999999999862e-01 8.697127700000000239e-01 2.218418499999999938e+01 1.622629169999999954e+00
8.842543999999999405e-02 1.780311109999999974e+00 3.726103539999999992e+00 5.500616550000000160e+00 1.520111559999999917e+00
3.777605589999999958e-01 -1.205145120000000042e-01 2.474817750000000149e+00 8.135892999999999375e+00 1.237580179999999919e+00
8.734387000000000123e-01 -1.272923830000000089e+00 1.980311869999999974e+00 1.984311999999999898e+01 1.096173169999999919e+00
1.941192599999999879e-01 1.196635249999999928e+00 1.916180729999999999e+00 1.683629609999999843e+01 1.363434669999999960e+00
5.261373000000000300e-01 4.324059490000000117e-01 2.577392159999999932e-01 2.425159259999999861e+01 1.306885840000000076e+00
5.678623320000000252e-01 -1.986575600000000108e+00 3.303253409999999946e+00 1.283927729999999912e+01 1.995065929999999987e+00
3.107040819999999925e-01 -9.245305999999999802e-01 2.011465550000000047e+00 1.109314539999999916e+01 1.824842000000000075e+00
6.751659509999999864e-01 1.655245070000000096e+00 2.603390999999999789e+00 1.063764480000000034e+01 1.793733360000000054e+00
2.294598999999999944e-01 7.370231000000000421e-01 8.154540660000000329e-01 2.226020809999999983e+01 1.147636179999999895e+00
4.774554000000000298e-02 -1.411997079999999904e+00 2.397309689999999882e-01 1.968749619999999823e+01 1.408274889999999946e+00
9.512825609999999710e-01 -2.448985579999999884e-01 2.577481000000000133e+00 1.308467289999999927e+01 1.720515489999999925e+00
3.641993700000000223e-01 2.732560629999999935e-01 3.681037429999999944e+00 5.340997699999999959e+00 1.036570549999999979e+00
6.667176489999999678e-01 1.085416079999999894e+00 3.159596000000000071e+00 8.510042999999999580e+00 1.931601289999999915e+00
9.914939400000000180e-01 -5.437410000000000299e-01 1.036875720000000056e+00 2.433958439999999968e+01 1.667634999999999978e+00
3.889867659999999838e-01 -1.592803240000000065e+00 1.421128509999999956e+00 1.683355329999999839e+01 1.452234510000000034e+00
9.299935999999999758e-01 1.298416379999999926e+00 3.908286809999999889e+00 1.843055530000000175e+01 1.171167250000000104e+00
3.352071340000000177e-01 8.168223000000000011e-01 5.921591000000000493e-01 2.062396430000000080e+01 1.793903999999999943e+00
3.085126999999999731e-01 -1.510307429999999895e+00 1.311243890000000079e+00 1.189443589999999951e+01 1.532824519999999913e+00
6.129532460000000071e-01 -3.243315219999999832e-01 2.830137730000000129e+00 1.471954350000000034e+01 1.337974790000000080e+00
1.249929220000000063e-01 6.804082390000000258e-01 2.861981870000000150e+00 2.309484859999999884e+01 1.913073779999999946e+00
7.725182999999999911e-01 1.470384359999999946e+00 3.435751199999999894e+00 9.374826000000000548e+00 1.002126569999999939e+00
7.463556000000000079e-01 -3.785664999999999725e-01 4.824524000000000035e-01 6.585580000000000211e+00 1.289209250000000084e+00
5.068034679999999792e-02 -1.978381869999999987e+00 1.174212929999999933e+00 1.597014240000000029e+01 1.614068389999999908e+00
5.101609999999999756e-01 2.335157389999999999e-01 1.673214910000000000e+00 9.391308000000000433e+00 1.498155829999999966e+00
4.758117789999999903e-01 1.665843490000000093e+00 3.994991779999999881e+00 7.303067000000000419e+00 1.421145440000000093e+00
1.346326320000000021e-01 -9.570490000000000386e-01 3.044906999999999808e+00 2.092891880000000171e+01 1.860130999999999979e+00
6.912296999999999469e-01 -1.157845999999999931e+00 1.740777730000000023e+00 1.804174000000000078e+01 1.962539199999999928e+00
4.509647999999999990e-01 1.849816319999999958e+00 5.955884999999999652e-01 1.408248810000000084e+01 1.741845129999999964e+00
9.135312439999999645e-01 1.179361339999999980e-02 2.607861159999999914e-02 2.355263330000000011e+01 1.626558780000000093e+00
8.266113999999999962e-01 -1.090989589999999954e+00 2.247324710000000003e+00 1.559323879999999996e+01 1.118638999999999939e+00
1.285332140000000067e-01 -5.042842629999999549e-01 2.272358179999999894e+00 1.179103659999999998e+01 1.241683000000000092e+00
8.528248999999999969e-01 1.973374369999999933e+00 1.483788490000000015e+00 5.715334419999999582e+00 1.946052190000000071e+00
7.376148000000000149e-01 -1.430550809999999951e+00 2.496789100000000039e-01 1.427722840000000026e+01 1.702490449999999989e+00
4.794327999999999923e-01 -1.218407269999999931e+00 3.863057609999999809e+00 2.460893629999999987e+01 1.318463680000000027e+00
4.606772659999999742e-01 1.922434999999999894e+00 2.488260270000000052e+00 2.102844620000000120e+01 1.181375620000000071e+00
1.707952620000000032e-01 1.070127490000000042e-01 3.123494390000000065e-01 1.041871740000000024e+01 1.188947079999999934e+00
1.749220190000000119e-01 -7.784543999999999908e-01 3.781008480000000116e+00 1.552625079999999969e+01 1.470222230000000074e+00
5.443055999999999450e-01 -8.345293999999999768e-01 2.909651999999999905e+00 1.926105499999999893e+01 1.577766060000000081e+00
8.983927999999999914e-01 2.708270549999999832e-01 1.519111630000000046e+00 9.778425000000000367e+00 1.897837999999999914e+00
7.143457530000000277e-01 5.568487640000000516e-01 3.246263739999999842e+00 1.710580829999999963e+01 1.650005820000000067e+00
5.655936000000000297e-01 -8.336543999999999899e-02 3.339027399999999979e+00 1.845511000000000124e+01 1.075120000000000076e+00
8.670026000000000121e-02 -2.511464359999999729e-01 1.594298479999999962e+00 1.321376610000000085e+01 1.022711280000000000e+00
3.513202369999999797e-01 5.909929000000000432e-01 1.085431339999999967e+00 6.849422449999999607e+00 1.556699279999999908e+00
2.781502310000000255e-01 1.424920799999999987e+00 2.043526169999999809e+00 2.175788999999999973e+01 1.390753509999999915e+00
3.316772999999999857e-03 -1.734973000000000098e+00 6.828670000000000018e-01 1.220527839999999919e+01 1.845901999999999932e+00
9.056774380000000013e-01 -1.632829429999999915e+00 6.720637680000000058e-01 7.917121410000000026e+00 1.780254599999999909e+00
7.886351000000000333e-01 1.243088720000000036e+00 2.928772690000000178e+00 2.310053999999999874e+01 1.270352359999999958e+00
9.535673999999999539e-01 3.958513739999999781e-01 2.304588999999999999e+00 1.446902850000000029e+01 1.275471000000000021e+00
9.986494999999999678e-01 -4.721927639999999871e-01 3.068796400000000091e+00 1.931013109999999955e+01 1.991411690000000068e+00
3.318232300000000246e-01 -6.701661349999999961e-01 9.172571299999999761e-01 1.585039000000000087e+01 1.895323400000000102e+00
2.133464519999999920e-01 9.804306000000000409e-01 1.322402000000000077e+00 5.995775000000000077e+00 1.376799459999999975e+00
2.330735329999999994e-02 1.527782200000000090e+00 3.475924000000000014e+00 9.160178999999999405e+00 1.519224759999999952e+00
4.363497499999999807e-01 -1.818634000000000084e+00 9.122082590000000213e-01 1.055926509999999929e+01 1.212817309999999926e+00
6.449256540000000149e-01 -1.288486239999999894e+00 1.871077539999999928e+00 2.051467999999999847e+01 1.153767109999999985e+00
6.506079000000000168e-01 1.326383590000000057e+00 2.666293140000000061e+00 2.474518000000000129e+01 1.670959000000000083e+00
5.959640000000000493e-01 1.074038510000000057e+00 3.581430759999999769e-02 2.335214810000000085e+01 1.073546890000000031e+00
8.270503999999999634e-01 -1.013890860000000060e+00 4.716311000000000253e-01 1.356850239999999985e+01 1.363774999999999959e+00
2.206989229999999913e-01 -1.860148069999999931e+00 2.679748000000000019e+00 6.972279000000000337e+00 1.692952629999999958e+00
1.035643740000000007e-01 1.506141420000000064e+00 2.233039999999999914e+00 2.173610499999999845e+01 1.752328160000000024e+00
4.120273589999999819e-01 9.404000999999999610e-01 1.238350749999999945e+00 1.801647000000000176e+01 1.815388919999999962e+00
2.643194500000000113e-01 -6.679386000000000490e-01 3.502533999999999814e+00 1.731893730000000176e+01 1.588230849999999972e+00
7.874183649999999535e-01 -2.440276150000000033e-01 3.602239369999999941e+00 1.166345120000000080e+01 1.449401619999999946e+00
5.412723000000000395e-01 1.597006320000000090e-01 1.764440299999999961e+00 7.986806389999999922e+00 1.043678520000000054e+00
7.920724000000000098e-01 3.109469409999999767e-01 1.065230129999999997e+00 1.570097160000000081e+01 1.246140840000000027e+00
7.969775000000000054e-01 6.680715000000000403e-01 1.558899639999999920e+00 1.118339819999999918e+01 1.618335840000000081e+00
4.147320689999999810e-01 -5.053214000000000317e-01 3.717197179999999879e+00 1.462353230000000082e+01 1.612147929999999896e+00
2.044804769999999938e-02 -1.605622770000000032e-01 3.796880719999999876e+00 2.411631769999999975e+01 1.015434860000000050e+00
2.311825309999999967e-01 1.678955549999999963e+00 1.430245490000000008e-01 2.035553000000000168e+01 1.989955539999999967e+00
3.597004409999999819e-01 1.009626630000000080e+00 2.465069999999999872e+00 1.993353839999999977e+01 1.335896729999999977e+00
6.084045999999999621e-01 -1.387062070000000036e+00 2.514489649999999799e+00 9.324470520000000207e+00 1.370530489999999935e+00
5.827631349999999877e-01 -1.501629110000000100e+00 2.035294320000000101e-01 5.367332460000000083e+00 1.782312270000000032e+00
6.495461000000000151e-01 1.219613309999999951e+00 3.329594140000000202e+00 7.120585440000000155e+00 1.419275760000000108e+00
8.753714999999999691e-01 1.814105999999999996e+00 2.899238589999999949e+00 1.669064709999999963e+01 1.244723800000000047e+00
2.597086499999999923e-02 -1.964814540000000109e+00 1.950326089999999901e+00 2.319890789999999825e+01 1.784714219999999907e+00
1.606900539999999988e-01 -1.322103620000000035e+00 6.450221000000000426e-01 8.610366000000000852e+00 1.637190820000000047e+00
3.423328400000000271e-01 8.533122539999999923e-01 2.376219509999999868e+00 1.182150269999999992e+01 1.661056759999999910e+00
4.376789629999999764e-01 4.730396270000000181e-01 1.117898999999999976e+00 1.293948649999999922e+01 1.957278250000000108e+00
9.660263000000000044e-01 -8.087420459999999922e-02 7.789190409999999787e-01 1.785343170000000157e+01 1.041224240000000023e+00
7.234053609999999690e-01 -9.805487389999999470e-01 3.364180800000000193e+00 2.236008449999999925e+01 1.408827300000000005e+00
8.927462000000000453e-01 1.827693220000000007e+00 2.150678999999999785e+00 2.444486429999999899e+01 1.545748349999999993e+00
5.603881480000000304e-01 1.741692540000000067e+00 2.630406999999999940e+00 1.614782710000000066e+01 1.813721659999999902e+00
2.671759000000000217e-01 -1.113848919999999909e+00 5.067481400000000136e-01 5.874783520000000259e+00 1.156257869999999910e+00
2.746465209999999768e-01 -1.249079700000000015e+00 8.846138999999999530e-01 9.151813510000000207e+00 1.304333090000000084e+00
8.350388999999999728e-02 1.939933299999999916e-01 3.073200459999999801e+00 1.910671230000000165e+01 1.288460249999999974e+00
1.226574480000000023e-01 8.080768589999999529e-02 1.349495169999999966e+00 1.489830880000000057e+01 1.108979820000000061e+00
7.092000999999999999e-01 -9.977882000000000140e-01 1.709313630000000028e+00 1.056837269999999940e+01 1.915743470000000004e+00
8.373542000000000485e-01 -5.886832480000000478e-01 3.103222849999999866e+00 2.040263750000000087e+01 1.524884219999999901e+00
5.313550999999999691e-01 6.416182520000000000e-01 3.837930999999999981e-01 1.337665840000000017e+01 1.874520780000000109e+00
6.383585999999999983e-01 7.761299609999999793e-01 1.782259999999999955e+00 1.157931420000000067e+01 1.440390829999999900e+00
1.597940469999999946e-01 -4.161318540000000232e-01 2.771126999999999896e+00 1.694769000000000148e+01 1.485690589999999922e+00
4.153111999999999915e-01 -2.682545190000000246e-01 3.544288400000000117e+00 2.372146800000000155e+01 1.925868750000000018e+00
4.762786629999999910e-01 1.273607729999999938e+00 1.337645409999999924e+00 8.070275999999999783e+00 1.115451570000000059e+00
2.010586259999999903e-01 1.436526060000000049e+00 2.188857000000000053e+00 1.782865139999999826e+01 1.730642559999999941e+00
8.477137999999999618e-01 -1.534387589999999912e+00 3.942492999999999803e+00 2.160957339999999860e+01 1.743050809999999951e+00
9.775728580000000445e-01 -1.929138900000000101e+00 4.503882830000000004e-01 7.471150999999999875e+00 1.151179079999999910e+00
8.156385419999999664e-01 1.401027199999999917e+00 7.101762999999999826e-01 1.204279000000000011e+01 1.321652290000000063e+00
4.001756000000000202e-01 -1.166295999999999999e-02 2.035630460000000141e+00 9.995793000000000816e+00 1.659106250000000005e+00
4.380350410000000139e-01 -1.657947540000000108e+00 2.073834179999999971e+00 1.827736279999999880e+01 1.944845200000000052e+00
6.847425999999999791e-01 5.034250999999999587e-01 2.892345789999999917e-01 1.534414100000000047e+01 1.207090739999999940e+00
1.294893619999999967e-01 5.190968510000000258e-01 1.507350090000000087e+00 6.743736270000000310e+00 1.563375710000000085e+00
9.624336000000000002e-01 -1.670105460000000042e+00 1.941494700000000018e+00 2.124565510000000046e+01 1.386920570000000019e+00
5.069669999999999455e-01 -2.896270750000000116e-01 3.151510720000000099e+00 2.293191720000000089e+01 1.201413000000000064e+00
2.474466120000000102e-01 1.162355900000000108e+00 3.695580999999999783e+00 1.409312249999999977e+01 1.994963650000000088e+00
7.353567479999999490e-01 6.657528999999999531e-02 2.941844459999999994e+00 2.077929999999999922e+01 1.023459670000000044e+00
2.907566429999999813e-01 -1.474909070000000044e+00 1.375967500000000010e+00 2.292605999999999966e+01 1.032567259999999987e+00
1.120447519999999975e-01 -8.742307419999999496e-01 3.367367680000000196e-01 9.545610999999999180e+00 1.647336719999999977e+00
5.130255000000000232e-01 1.982658620000000038e+00 3.137378000000000000e+00 1.241257479999999980e+01 1.585672140000000008e+00
3.034029999999999783e-01 1.950213189999999930e+00 3.770310999999999968e+00 1.543382839999999945e+01 1.767332080000000083e+00
8.534682390000000174e-01 -8.159788999999999515e-01 2.594325539999999819e+00 6.677217999999999876e+00 1.765140769999999915e+00
9.268408999999999676e-01 -1.240351439999999972e+00 1.383236649999999957e+00 1.424652189999999941e+01 1.405661580000000077e+00
7.529113440000000101e-02 3.242166000000000214e-01 8.562305569999999477e-01 1.866285710000000009e+01 1.368538620000000039e+00
9.942010639999999677e-01 9.797394000000000380e-01 3.515351770000000098e+00 8.298890999999999352e+00 1.901900289999999938e+00
1.445736290000000090e-01 -1.078696129999999975e+00 1.153950000000000031e+00 2.487511440000000107e+01 1.900884749999999901e+00
3.688558339999999935e-01 -2.034715410000000058e-01 1.143658520000000012e+00 2.202617259999999888e+01 1.270818589999999970e+00
9.227354530000000388e-01 1.586811779999999894e+00 3.392533779999999943e+00 1.046489429999999921e+01 1.480845210000000023e+00
6.018754469999999801e-02 1.096100569999999941e+00 2.717799429999999905e+00 1.299247839999999954e+01 1.142766830000000011e+00
7.072928550000000536e-01 -7.395812000000000497e-01 2.872857810000000178e+00 6.124634740000000299e+00 1.176123999999999947e+00
6.856510000000000105e-01 -1.837349649999999945e+00 6.606125000000000191e-02 1.668802639999999826e+01 1.528243299999999971e+00
4.850392000000000037e-01 2.472088339999999884e-01 6.109586359999999994e-01 1.921406999999999954e+01 1.690166349999999928e+00
5.705272559999999826e-01 1.552529810000000010e+00 1.778270000000000017e+00 1.952316670000000087e+01 1.698063609999999946e+00
3.558590639999999888e-02 -4.347319599999999729e-01 2.305804730000000191e+00 7.881142620000000321e+00 1.274613860000000098e+00
1.987411079999999997e-01 -1.264467119999999944e+00 3.375311139999999988e+00 1.079683490000000035e+01 1.066450359999999931e+00
7.505880999999999803e-01 9.271044999999999980e-01 5.220621000000000289e-02 1.745772170000000045e+01 1.859219549999999943e+00
3.902218339999999897e-01 4.344582559999999871e-01 9.495105000000000350e-01 2.418504330000000024e+01 1.440839769999999964e+00
5.978972999999999649e-01 -1.774334429999999907e+00 1.712217810000000062e+00 2.163180350000000018e+01 1.554612160000000021e+00
7.618897000000000030e-01 -6.327838999999999547e-01 2.329037190000000201e+00 5.490453999999999724e+00 1.825871470000000052e+00
3.133149740000000238e-01 1.266218660000000051e+00 3.958125830000000178e+00 1.370804210000000012e+01 1.063534259999999954e+00
7.685041430000000284e-01 1.689714670000000085e+00 3.023929359999999900e+00 1.403389999999999915e+01 1.057329420000000075e+00
4.786196650000000274e-01 -1.687556150000000033e+00 3.470563170000000142e+00 1.528399469999999916e+01 1.570706369999999907e+00
3.918771999999999811e-01 -1.493524789999999935e+00 1.629042270000000014e+00 1.503566170000000035e+01 1.676201580000000080e+00
7.020942999999999490e-01 1.195793869999999925e+00 1.231972099999999903e+00 9.391799999999999926e+00 1.061051849999999908e+00
2.083620429999999968e-01 3.236558440000000259e-01 2.195549999999999891e+00 9.987268000000000256e+00 1.799859000000000098e+00
9.163390999999999620e-01 -9.942543510000000084e-02 5.016486639999999664e-01 1.403362560000000059e+01 1.350338459999999907e+00
5.848630999999999691e-01 -6.098268000000000022e-01 5.826306340000000361e-01 2.093775559999999913e+01 1.435380939999999939e+00
1.393976359999999914e-01 6.071750999999999676e-01 2.763555000000000206e+00 2.064116669999999942e+01 1.765976910000000011e+00
