8.052327630000000180e-01 7.959883800000000509e-01 6.955249300000000412e-01 1.276794670000000187e-01 3.413894200000000545e-01
6.255403999999999964e-01 2.843957000000000290e-01 3.266724049999999990e-01 7.927130699999999086e-01 2.684675450000000296e-01
4.328172000000000130e-01 2.947583749999999059e-02 1.085184962499999989e-01 8.260655000000000081e-01 2.633834000000001563e-02
4.105497000000000174e-01 5.926332500000000003e-01 7.632727500000000553e-01 4.432776450000000534e-01 4.062164000000001440e-02
2.491491439999999891e-01 7.005526422500000239e-01 9.961853625000000045e-01 4.252255899999999866e-01 2.121904999999999486e-01
1.882406319999999911e-01 1.350431449999999756e-01 6.783215400000000006e-01 2.301757000000000386e-01 1.303902850000000502e-01
6.216829419999999606e-01 4.964783787750000066e-01 3.390534525000000188e-01 6.212925000000000253e-01 4.044386150000000013e-01
9.728113999999999928e-01 9.918637274999999587e-01 2.397985499999999992e-01 5.057573800000000341e-01 4.364799249999999908e-01
6.354731000000000130e-01 5.866287947499999600e-01 1.375923749999999890e-01 7.009863849999999896e-01 4.894726849999999629e-01
5.478136999999999590e-01 8.627086999999999950e-02 5.387086875000000052e-01 6.410348400000001612e-02 8.125249999999994976e-02
8.804139000000000756e-03 3.530741000000000018e-01 5.427773599999999865e-01 2.525218949999999962e-01 1.741525000000000434e-01
2.696403560000000255e-01 7.868222499999999453e-01 9.835463749999999450e-02 6.718225500000001293e-01 3.518154599999999688e-01
3.252846300000000190e-01 9.326134999999999842e-01 4.304606025000000114e-01 9.962134999999999740e-01 1.112253050000000520e-01
1.100830510000000012e-01 4.855012000000000216e-01 4.684814999999999952e-01 8.766307850000000235e-01 4.417722250000000184e-01
9.518353000000000508e-01 1.364994050000000181e-01 7.811374675000000156e-01 5.006854999999998945e-02 3.032544249999999941e-01
8.323481999999999825e-01 6.374698249999999344e-01 9.030067499999999692e-01 3.593670849999999750e-01 2.492004049999999582e-01
8.766783479999999962e-01 6.752246617499999548e-01 4.981371749999999876e-01 3.152392400000000316e-01 5.175518999999995096e-02
8.879435660000000174e-01 5.261865249999997385e-02 5.946860899999999450e-01 4.485788350000001479e-02 3.895251749999999458e-01
2.520045000000000202e-01 3.772864342499999690e-01 8.371562500000000462e-01 6.382612249999999321e-01 3.628618700000000308e-01
1.656936709999999868e-01 8.203218574999999735e-01 3.503871324999999898e-02 6.911367399999999162e-01 1.774220450000000282e-01
6.845811000000000257e-02 8.292395000000000183e-01 1.974793374999999906e-01 1.124198499999999878e-01 4.220048199999999472e-01
4.502510430000000174e-01 4.029005500000000239e-01 3.993519850000000204e-01 9.823033349999998887e-01 2.509927499999997647e-02
6.930060999999999582e-01 9.386205749999998460e-02 6.065094475000000207e-01 9.338546750000000785e-01 2.415136100000000452e-01
7.284091999999999789e-01 7.201621000000000272e-01 9.648282500000000539e-01 2.536258700000000310e-01 2.839434149999999768e-01
5.502944589999999581e-01 9.421871299999999838e-01 9.323921200000000464e-01 7.634244999999999504e-01 1.526572099999999876e-01
8.097940679999999780e-01 3.267147499999999982e-01 2.596018600000000176e-01 8.202803599999999307e-01 2.021684999999999732e-01
1.720996800000000049e-01 2.401954525000000173e-01 2.792275850000000004e-01 1.903283000000000058e-01 4.641092399999999785e-01
2.520805220000000083e-02 5.502226352500000361e-01 8.230028750000000226e-01 4.156569499999999695e-01 4.887269149999999840e-01
4.884586329999999754e-01 5.376226305000000316e-01 6.395670774999999697e-01 5.590175650000001051e-01 2.739847300000000097e-01
3.725171999999999928e-01 2.265551100000000040e-01 7.361443050000000543e-01 1.327829840000000206e-01 3.363396549999999596e-01
8.667793000000000303e-01 2.731931750000000103e-01 4.078095000000000331e-02 4.875080600000000208e-01 9.363621499999996711e-02
5.875231619999999877e-01 9.005043500000000645e-01 1.746658749999999982e-01 6.032035849999999311e-01 9.677500000000005542e-02
8.287855389999999600e-01 5.059970021249999839e-01 8.567328450000000206e-01 9.470631600000001260e-01 3.820670849999999730e-01
4.034744579999999942e-02 6.144924750000000380e-01 6.958319549999999465e-01 7.274290000000001033e-01 3.740613449999999895e-01
4.561449590000000165e-01 3.038231499999999863e-01 4.476453375000000179e-01 6.411150000000009549e-03 1.878119999999999790e-01
7.634062000000000348e-01 2.586607337499999826e-01 1.363390750000000040e-01 6.550884000000012017e-03 6.686544500000002333e-02
1.474731420000000015e-01 9.730765224999999852e-01 5.872991674999999967e-01 7.422897349999999506e-01 3.790854999999981878e-03
6.026586000000000443e-01 9.651407499999999917e-01 2.974355524999999778e-01 2.899665350000000252e-01 2.269511199999999507e-01
5.202396510000000251e-01 2.083409425000000148e-01 2.483373249999999977e-01 3.039573650000000349e-01 3.169426899999999714e-01
3.261330430000000113e-01 1.578903799999999968e-01 8.628183600000000064e-01 9.440709999999998825e-01 4.561321750000000286e-01
7.212933000000000261e-01 8.608654725000000063e-01 2.906263474999999930e-01 3.815760000000000263e-01 2.964549050000000463e-01
1.495797189999999999e-01 7.639864674999999883e-01 4.078687724999999764e-01 3.779126149999999518e-01 6.135183499999996570e-02
9.484942000000000373e-02 6.323146750000002703e-02 8.893476125000000510e-01 5.721495649999999156e-01 1.025266049999999929e-01
9.353099999999999747e-01 1.129823624999999887e-01 9.714204674999999956e-01 8.561321250000000216e-01 2.555030000000000356e-01
2.863337699999999875e-01 6.443349122499999471e-01 2.901592100000000007e-02 1.791225500000000470e-01 1.672849050000000393e-01
7.122988999999999571e-01 6.632162332500000090e-01 5.875951050000000064e-01 5.653851500000000030e-01 4.157683250000000497e-01
9.126518000000000130e-01 4.091415405000000116e-01 6.822454999999999492e-01 8.673770899999999617e-01 4.805980899999999778e-01
4.976135489999999884e-01 4.636305867500000177e-01 2.602702374999999943e-02 1.685876999999999515e-01 1.433667549999999569e-01
9.781045999999999907e-01 9.007476574999999652e-01 8.927671600000000596e-02 5.095008850000000145e-01 2.327533950000000296e-01
2.857529819999999887e-01 8.475521799999999883e-01 4.755801849999999886e-01 4.830966949999999649e-01 4.719215650000000428e-01
3.536939619999999729e-01 1.673770250000000126e-01 7.463514199999999876e-01 4.442171550000000302e-01 4.152668699999999546e-01
5.004536000000000540e-01 2.932515749999997645e-02 9.120260475000000477e-01 7.508792899999999770e-01 2.112387399999999804e-01
4.514368249999999722e-02 6.172777415000000323e-01 3.586615000000000220e-01 8.050944349999999972e-01 3.540487300000000337e-01
8.484645490000000123e-01 6.978336499999999720e-01 5.301690700000000200e-01 5.456514350000000180e-01 1.135989450000000067e-01
6.694360379999999555e-01 3.214678749999999585e-01 9.457249650000000285e-01 2.413974500000000134e-01 4.482602999999996118e-02
6.271899000000000224e-02 4.291656912499999810e-01 9.173953525000000386e-02 1.883900500000000311e-01 3.272813549999999960e-01
5.894913999999999987e-01 7.324188352500000665e-01 5.309827499999999478e-01 6.913616650000001251e-02 6.931918999999997499e-02
3.954156640000000000e-01 5.239688750000000006e-01 6.404954200000000375e-01 6.295481699999999625e-01 1.590789999999999704e-01
2.110333889999999879e-01 4.656001627499999906e-01 1.802411999999999903e-01 8.843456249999999130e-01 2.515516300000000260e-01
6.719259619999999877e-01 3.490317499999999740e-01 1.999906897500000058e-01 1.044852000000000142e-01 3.999788749999999560e-01
4.023960830000000155e-01 7.653390774999999646e-01 7.925657499999999578e-01 3.663162699999999994e-01 4.396010649999999575e-01
9.576734300000000477e-01 9.238093499999999736e-01 3.669618075000000146e-01 3.170454999999999801e-01 3.022830499999999976e-01
7.809723619999999755e-01 6.108266000000001084e-02 3.874456275000000005e-01 6.799386000000000596e-01 1.301712400000000214e-01
2.346299000000000023e-01 1.993133424999999903e-01 8.015766749999999607e-01 9.169386850000000866e-01 1.461845500000003018e-02
7.513777000000000372e-01 7.032339499999999965e-01 2.174281925000000060e-01 8.592092499999999244e-01 3.113145849999999770e-01
8.842543999999999405e-02 9.450777774999999936e-01 9.315258849999999979e-01 2.503082750000000870e-02 2.600557799999999586e-01
3.777605589999999958e-01 4.698713720000000094e-01 6.187044375000000374e-01 1.567946499999999799e-01 1.187900899999999593e-01
8.734387000000000123e-01 1.817690424999999776e-01 4.950779674999999935e-01 7.421559999999999269e-01 4.808658499999995950e-02
1.941192599999999879e-01 7.991588124999999820e-01 4.790451824999999997e-01 5.918148049999999438e-01 1.817173349999999798e-01
5.261373000000000300e-01 6.081014872500000168e-01 6.443480399999999830e-02 9.625796299999999084e-01 1.534429200000000382e-01
5.678623320000000252e-01 3.356099999999972994e-03 8.258133524999999864e-01 3.919638649999999669e-01 4.975329649999999937e-01
3.107040819999999925e-01 2.688673500000000050e-01 5.028663875000000116e-01 3.046572699999999800e-01 4.124210000000000376e-01
6.751659509999999864e-01 9.138112675000000795e-01 6.508477499999999472e-01 2.818822400000000061e-01 3.968666800000000272e-01
2.294598999999999944e-01 6.842557750000000105e-01 2.038635165000000082e-01 8.630104050000000360e-01 7.381808999999994736e-02
4.774554000000000298e-02 1.470007300000000239e-01 5.993274224999999705e-02 7.343748099999999335e-01 2.041374449999999729e-01
9.512825609999999710e-01 4.387753604999999890e-01 6.443702500000000333e-01 4.042336449999999748e-01 3.602577449999999626e-01
3.641993700000000223e-01 5.683140157499999567e-01 9.202593574999999859e-01 1.704988499999999726e-02 1.828527499999998973e-02
6.667176489999999678e-01 7.713540199999999736e-01 7.898990000000000178e-01 1.755021499999999679e-01 4.658006449999999576e-01
9.914939400000000180e-01 3.640647499999999925e-01 2.592189300000000141e-01 9.669792200000000282e-01 3.338174999999999892e-01
3.889867659999999838e-01 1.017991899999999839e-01 3.552821274999999890e-01 5.916776649999999638e-01 2.261172550000000170e-01
9.299935999999999758e-01 8.246040949999999814e-01 9.770717024999999722e-01 6.715277650000001097e-01 8.558362500000005202e-02
3.352071340000000177e-01 7.042055750000000280e-01 1.480397750000000123e-01 7.811982150000000846e-01 3.969519999999999715e-01
3.085126999999999731e-01 1.224231425000000262e-01 3.278109725000000196e-01 3.447217949999999975e-01 2.664122599999999563e-01
6.129532460000000071e-01 4.189171194999999903e-01 7.075344325000000323e-01 4.859771750000000390e-01 1.689873950000000402e-01
1.249929220000000063e-01 6.701020597500000342e-01 7.154954675000000375e-01 9.047424299999999864e-01 4.565368899999999730e-01
7.725182999999999911e-01 8.675960899999999310e-01 8.589377999999999735e-01 2.187413000000000274e-01 1.063284999999969394e-03
7.463556000000000079e-01 4.053583749999999930e-01 1.206131000000000009e-01 7.927900000000001612e-02 1.446046250000000422e-01
5.068034679999999792e-02 5.404532500000003292e-03 2.935532324999999831e-01 5.485071200000000147e-01 3.070341949999999542e-01
5.101609999999999756e-01 5.583789347500000000e-01 4.183037274999999999e-01 2.195654000000000217e-01 2.490779149999999831e-01
4.758117789999999903e-01 9.164608725000000788e-01 9.987479449999999703e-01 1.151533500000000154e-01 2.105727200000000465e-01
1.346326320000000021e-01 2.607377499999999904e-01 7.612267499999999520e-01 7.964459400000001299e-01 4.300654999999999895e-01
6.912296999999999469e-01 2.105385000000000173e-01 4.351944325000000058e-01 6.520870000000000832e-01 4.812695999999999641e-01
4.509647999999999990e-01 9.624540799999999896e-01 1.488971249999999913e-01 4.541244050000000643e-01 3.709225649999999819e-01
9.135312439999999645e-01 5.029484033500000173e-01 6.519652899999999786e-03 9.276316650000000497e-01 3.132793900000000464e-01
8.266113999999999962e-01 2.272526025000000116e-01 5.618311775000000008e-01 5.296619399999999978e-01 5.931949999999996948e-02
1.285332140000000067e-01 3.739289342500000113e-01 5.680895449999999736e-01 3.395518299999999989e-01 1.208415000000000461e-01
8.528248999999999969e-01 9.933435925000000388e-01 3.709471225000000039e-01 3.576672099999998050e-02 4.730260950000000353e-01
7.376148000000000149e-01 1.423622975000000124e-01 6.241972750000000097e-02 4.638614200000000243e-01 3.512452249999999943e-01
4.794327999999999923e-01 1.953981825000000172e-01 9.657644024999999521e-01 9.804468149999999715e-01 1.592318400000000134e-01
4.606772659999999742e-01 9.806087500000000290e-01 6.220650675000000129e-01 8.014223100000000821e-01 9.068781000000003534e-02
1.707952620000000032e-01 5.267531872499999768e-01 7.808735975000000162e-02 2.709358700000000231e-01 9.447353999999996699e-02
1.749220190000000119e-01 3.053864000000000023e-01 9.452521200000000290e-01 5.263125399999999399e-01 2.351111150000000372e-01
5.443055999999999450e-01 2.913676499999999780e-01 7.274129999999999763e-01 7.130527499999999019e-01 2.888830300000000406e-01
8.983927999999999914e-01 5.677067637499999542e-01 3.797779075000000115e-01 2.389212500000000294e-01 4.489189999999999570e-01
7.143457530000000277e-01 6.392121910000000407e-01 8.115659349999999606e-01 6.052904150000000261e-01 3.250029100000000337e-01
5.655936000000000297e-01 4.791586400000000245e-01 8.347568499999999947e-01 6.727555000000000618e-01 3.756000000000003780e-02
8.670026000000000121e-02 4.372133910000000068e-01 3.985746199999999906e-01 4.106883050000000313e-01 1.135564000000000018e-02
3.513202369999999797e-01 6.477482249999999553e-01 2.713578349999999917e-01 9.247112249999997480e-02 2.783496399999999538e-01
2.781502310000000255e-01 8.562301999999999413e-01 5.108815424999999522e-01 8.378944999999999865e-01 1.953767549999999575e-01
3.316772999999999857e-03 6.625674999999997539e-02 1.707167500000000004e-01 3.602639199999999597e-01 4.229509999999999659e-01
9.056774380000000013e-01 9.179264250000002123e-02 1.680159420000000015e-01 1.458560704999999902e-01 3.901272999999999547e-01
7.886351000000000333e-01 8.107721800000000645e-01 7.321931725000000446e-01 9.050269999999999149e-01 1.351761799999999791e-01
9.535673999999999539e-01 5.989628434999999529e-01 5.761472499999999997e-01 4.734514250000000368e-01 1.377355000000000107e-01
9.986494999999999678e-01 3.819518090000000310e-01 7.671991000000000227e-01 7.155065549999999330e-01 4.957058450000000338e-01
3.318232300000000246e-01 3.324584662499999732e-01 2.293142824999999940e-01 5.425195000000000434e-01 4.476617000000000512e-01
2.133464519999999920e-01 7.451076500000000102e-01 3.306005000000000194e-01 4.978875000000000661e-02 1.883997299999999875e-01
2.330735329999999994e-02 8.819455499999999670e-01 8.689810000000000034e-01 2.080089499999999703e-01 2.596123799999999759e-01
4.363497499999999807e-01 4.534149999999997904e-02 2.280520647500000053e-01 2.779632549999999647e-01 1.064086549999999631e-01
6.449256540000000149e-01 1.778784400000000265e-01 4.677693849999999820e-01 7.757339999999999236e-01 7.688355499999999232e-02
6.506079000000000168e-01 8.315958974999999587e-01 6.665732850000000154e-01 9.872590000000001087e-01 3.354795000000000416e-01
5.959640000000000493e-01 7.685096275000000698e-01 8.953576899999999422e-03 9.176074050000000426e-01 3.677344500000001570e-02
8.270503999999999634e-01 2.465272849999999849e-01 1.179077750000000063e-01 4.284251199999999926e-01 1.818874999999999797e-01
2.206989229999999913e-01 3.496298250000001717e-02 6.699370000000000047e-01 9.861395000000001965e-02 3.464763149999999792e-01
1.035643740000000007e-01 8.765353550000000160e-01 5.582599999999999785e-01 8.368052499999999450e-01 3.761640800000000118e-01
4.120273589999999819e-01 7.351000249999999347e-01 3.095876874999999862e-01 6.508235000000001103e-01 4.076944599999999808e-01
2.643194500000000113e-01 3.330153499999999878e-01 8.756334999999999535e-01 6.159468650000000656e-01 2.941154249999999859e-01
7.874183649999999535e-01 4.389930962499999922e-01 9.005598424999999851e-01 3.331725600000000620e-01 2.247008099999999731e-01
5.412723000000000395e-01 5.399251579999999606e-01 4.411100749999999904e-01 1.493403194999999850e-01 2.183926000000002698e-02
7.920724000000000098e-01 5.777367352500000219e-01 2.663075324999999993e-01 5.350485799999999958e-01 1.230704200000000137e-01
7.969775000000000054e-01 6.670178749999999823e-01 3.897249099999999800e-01 3.091699099999999367e-01 3.091679200000000405e-01
4.147320689999999810e-01 3.736696499999999643e-01 9.292992949999999697e-01 4.811766150000000297e-01 3.060739649999999479e-01
2.044804769999999938e-02 4.598594307500000200e-01 9.492201799999999690e-01 9.558158850000000317e-01 7.717430000000025103e-03
2.311825309999999967e-01 9.197388874999999908e-01 3.575613725000000021e-02 7.677765000000000839e-01 4.949777699999999836e-01
3.597004409999999819e-01 7.524066575000000201e-01 6.162674999999999681e-01 7.466769199999999662e-01 1.679483649999999884e-01
6.084045999999999621e-01 1.532344824999999910e-01 6.286224124999999496e-01 2.162235259999999992e-01 1.852652449999999673e-01
5.827631349999999877e-01 1.245927224999999749e-01 5.088235800000000253e-02 1.836662300000000553e-02 3.911561350000000159e-01
6.495461000000000151e-01 8.049033274999999321e-01 8.323985350000000505e-01 1.060292720000000077e-01 2.096378800000000542e-01
8.753714999999999691e-01 9.535264999999999436e-01 7.248096474999999872e-01 5.845323550000000035e-01 1.223619000000000234e-01
2.597086499999999923e-02 8.796364999999972678e-03 4.875815224999999753e-01 9.099453949999999347e-01 3.923571099999999534e-01
1.606900539999999988e-01 1.694740949999999913e-01 1.612555250000000107e-01 1.805183000000000482e-01 3.185954100000000233e-01
3.423328400000000271e-01 7.133280634999999981e-01 5.940548774999999670e-01 3.410751349999999738e-01 3.305283799999999550e-01
4.376789629999999764e-01 6.182599067499999768e-01 2.794747499999999940e-01 3.969743249999999612e-01 4.786391250000000541e-01
9.660263000000000044e-01 4.797814488500000141e-01 1.947297602499999947e-01 6.426715850000001007e-01 2.061212000000001154e-02
7.234053609999999690e-01 2.548628152499999855e-01 8.410452000000000483e-01 8.680042249999999626e-01 2.044136500000000023e-01
8.927462000000000453e-01 9.569233050000000018e-01 5.376697499999999463e-01 9.722432149999999940e-01 2.728741749999999966e-01
5.603881480000000304e-01 9.354231349999999612e-01 6.576017499999999849e-01 5.573913550000000328e-01 4.068608299999999511e-01
2.671759000000000217e-01 2.215377700000000227e-01 1.266870350000000034e-01 4.373917600000001155e-02 7.812893499999995495e-02
2.746465209999999768e-01 1.877300749999999963e-01 2.211534749999999883e-01 2.075906755000000159e-01 1.521665450000000419e-01
8.350388999999999728e-02 5.484983325000000187e-01 7.683001149999999502e-01 7.053356150000000824e-01 1.442301249999999868e-01
1.226574480000000023e-01 5.202019214749999954e-01 3.373737924999999915e-01 4.949154400000000398e-01 5.448991000000003027e-02
7.092000999999999999e-01 2.505529499999999965e-01 4.273284075000000071e-01 2.784186349999999699e-01 4.578717350000000019e-01
8.373542000000000485e-01 3.528291879999999603e-01 7.758057124999999665e-01 7.701318750000000213e-01 2.624421099999999507e-01
5.313550999999999691e-01 6.604045629999999445e-01 9.594827499999999953e-02 4.188329199999999974e-01 4.372603900000000543e-01
6.383585999999999983e-01 6.940324902500000226e-01 4.455649999999999888e-01 3.289657100000000223e-01 2.201954149999999499e-01
1.597940469999999946e-01 3.959670364999999803e-01 6.927817499999999740e-01 5.973845000000000960e-01 2.428452949999999610e-01
4.153111999999999915e-01 4.329363702499999800e-01 8.860721000000000291e-01 9.360734000000000554e-01 4.629343750000000091e-01
4.762786629999999910e-01 8.184019325000000400e-01 3.344113524999999809e-01 1.535137999999999781e-01 5.772578500000002943e-02
2.010586259999999903e-01 8.591315150000000678e-01 5.472142500000000132e-01 6.414325699999998687e-01 3.653212799999999705e-01
8.477137999999999618e-01 1.164031025000000219e-01 9.856232499999999508e-01 8.304786699999999744e-01 3.715254049999999753e-01
9.775728580000000445e-01 1.771527499999997479e-02 1.125970707500000001e-01 1.235575499999999882e-01 7.558953999999995510e-02
8.156385419999999664e-01 8.502567999999999238e-01 1.775440749999999956e-01 3.521394999999999942e-01 1.608261450000000314e-01
4.001756000000000202e-01 4.970842600000000000e-01 5.089076150000000354e-01 2.497896500000000297e-01 3.295531250000000023e-01
4.380350410000000139e-01 8.551311499999997290e-02 5.184585449999999929e-01 6.638681399999999400e-01 4.724226000000000258e-01
6.847425999999999791e-01 6.258562749999999619e-01 7.230864474999999791e-02 5.172070500000000015e-01 1.035453699999999699e-01
1.294893619999999967e-01 6.297742127500000064e-01 3.768375225000000217e-01 8.718681350000001551e-02 2.816878550000000425e-01
9.624336000000000002e-01 8.247363499999998959e-02 4.853736750000000044e-01 8.122827550000000230e-01 1.934602850000000096e-01
5.069669999999999455e-01 4.275932312499999832e-01 7.878776800000000247e-01 8.965958600000000223e-01 1.007065000000000321e-01
2.474466120000000102e-01 7.905889750000000271e-01 9.238952499999999457e-01 4.546561249999999665e-01 4.974818250000000441e-01
7.353567479999999490e-01 5.166438224999999607e-01 7.354611149999999986e-01 7.889649999999999164e-01 1.172983500000002177e-02
2.907566429999999813e-01 1.312727324999999889e-01 3.439918750000000025e-01 8.963029999999999609e-01 1.628362999999999339e-02
1.120447519999999975e-01 2.814423145000000126e-01 8.418419200000000491e-02 2.272805499999999701e-01 3.236683599999999883e-01
5.130255000000000232e-01 9.956646550000000095e-01 7.843445000000000000e-01 3.706287400000000121e-01 2.928360700000000039e-01
3.034029999999999783e-01 9.875532974999999825e-01 9.425777499999999920e-01 5.216914200000000168e-01 3.836660400000000415e-01
8.534682390000000174e-01 2.960052750000000121e-01 6.485813849999999547e-01 8.386089999999998823e-02 3.825703849999999573e-01
9.268408999999999676e-01 1.899121400000000071e-01 3.458091624999999891e-01 4.623260949999999925e-01 2.028307900000000386e-01
7.529113440000000101e-02 5.810541500000000470e-01 2.140576392499999869e-01 6.831428550000000488e-01 1.842693100000000195e-01
9.942010639999999677e-01 7.449348500000000373e-01 8.788379425000000245e-01 1.649445499999999676e-01 4.509501449999999689e-01
1.445736290000000090e-01 2.303259675000000062e-01 2.884875000000000078e-01 9.937557200000000091e-01 4.504423749999999504e-01
3.688558339999999935e-01 4.491321147499999777e-01 2.859146300000000029e-01 8.513086299999998996e-01 1.354092949999999851e-01
9.227354530000000388e-01 8.967029449999999180e-01 8.481334449999999858e-01 2.732447149999999714e-01 2.404226050000000114e-01
6.018754469999999801e-02 7.740251424999999852e-01 6.794498574999999763e-01 3.996239199999999658e-01 7.138341500000000561e-02
7.072928550000000536e-01 3.151047000000000153e-01 7.182144525000000446e-01 5.623173700000001773e-02 8.806199999999997363e-02
6.856510000000000105e-01 4.066258750000001365e-02 1.651531250000000048e-02 5.844013199999998909e-01 2.641216499999999856e-01
4.850392000000000037e-01 5.618022084999999555e-01 1.527396589999999998e-01 7.107034999999999325e-01 3.450831749999999642e-01
5.705272559999999826e-01 8.881324525000000580e-01 4.445675000000000043e-01 7.261583350000000436e-01 3.490318049999999728e-01
3.558590639999999888e-02 3.913170100000000207e-01 5.764511825000000478e-01 1.440571310000000049e-01 1.373069300000000492e-01
1.987411079999999997e-01 1.838832200000000139e-01 8.438277849999999969e-01 2.898417450000000395e-01 3.322517999999996530e-02
7.505880999999999803e-01 7.317761249999999995e-01 1.305155250000000072e-02 6.228860849999999783e-01 4.296097749999999715e-01
3.902218339999999897e-01 6.086145640000000245e-01 2.373776250000000088e-01 9.592521649999999900e-01 2.204198849999999821e-01
5.978972999999999649e-01 5.641639250000002326e-02 4.280544525000000156e-01 8.315901749999999870e-01 2.773060800000000103e-01
7.618897000000000030e-01 3.418040250000000113e-01 5.822592975000000504e-01 2.452269999999998756e-02 4.129357350000000260e-01
3.133149740000000238e-01 8.165546649999999573e-01 9.895314575000000445e-01 4.354021049999999837e-01 3.176712999999997677e-02
7.685041430000000284e-01 9.224286674999999658e-01 7.559823399999999749e-01 4.516949999999999577e-01 2.866471000000003766e-02
4.786196650000000274e-01 7.811096249999999186e-02 8.676407925000000354e-01 5.141997349999999356e-01 2.853531849999999537e-01
3.918771999999999811e-01 1.266188025000000161e-01 4.072605675000000036e-01 5.017830850000000176e-01 3.381007900000000399e-01
7.020942999999999490e-01 7.989484675000000369e-01 3.079930249999999758e-01 2.195900000000000074e-01 3.052592499999995379e-02
2.083620429999999968e-01 5.809139610000000342e-01 5.488874999999999726e-01 2.493634000000000128e-01 3.999295000000000488e-01
9.163390999999999620e-01 4.751436412250000241e-01 1.254121659999999916e-01 4.516812800000000183e-01 1.751692299999999536e-01
5.848630999999999691e-01 3.475432999999999995e-01 1.456576585000000090e-01 7.968877799999999345e-01 2.176904699999999693e-01
1.393976359999999914e-01 6.517937750000000197e-01 6.908887500000000514e-01 7.820583349999999934e-01 3.829884550000000054e-01
